9.034967818105650395e+01 1.312682903606657305e+02
1.945504627337472243e+02 2.665465018852115691e+02
2.210576798568001209e+02 2.839132993106600225e+02
1.346807137144380704e+02 4.155353429561640723e+02
1.497624062154854414e+02 4.502689378070609791e+02
2.078040712952736726e+02 3.588647408310164337e+02
2.160304490231176828e+02 3.972545035609551860e+02
2.352253303880870021e+02 3.090494534790722128e+02
2.425376661461705794e+02 3.428690063602086866e+02
4.285452069924210718e+02 3.460681532543702588e+02
4.504822142666716900e+02 1.061321361922534834e+02
4.385996686597859480e+02 2.144461096088662089e+02
6.008421182922648995e+02 2.258716342308717344e+02
4.724192215409224218e+02 2.743158586281753060e+02
5.318319495753513593e+02 2.816281943862588832e+02
4.719622005560421485e+02 3.908562097726320417e+02
4.820166622234071383e+02 3.561226149217351349e+02
5.025826065430170502e+02 4.603233994744258553e+02
