1.095445595460258801e+02 1.394946680885097408e+02
2.036908824313516675e+02 2.610622500666488577e+02
2.251708687207221260e+02 2.752299005979357958e+02
1.515904901550063073e+02 4.031957763643980570e+02
1.625589937921316732e+02 4.333591613664927422e+02
2.142023650835967601e+02 3.451541112846098258e+02
2.187725749323989817e+02 3.780596221959858099e+02
2.384244772822485743e+02 2.999090337814677696e+02
2.452797920554519351e+02 3.282443348440415321e+02
4.139205354762539173e+02 3.341856076474844599e+02
4.326583958563430770e+02 1.184717027840194987e+02
4.230609551738583605e+02 2.167312145332672912e+02
5.670225654111284257e+02 2.286137601401530901e+02
4.527673191910728292e+02 2.706596907491335742e+02
5.053247324522984627e+02 2.761439425676962287e+02
4.495681722969112570e+02 3.766885592413451604e+02
4.582515710096355406e+02 3.437830483299691195e+02
4.747043264653235610e+02 4.383863922001751803e+02
